INSAT-4B                
1 30793U 07007A   21353.90218834 -.00000170  00000+0  00000+0 0  9992
2 30793   1.7811  91.6655 0007849 175.8648 231.4943  1.00271596 25768
INSAT-3D                
1 39216U 13038B   21353.82899237 -.00000136  00000+0  00000+0 0  9997
2 39216   0.0376 264.7836 0001375 357.7232 206.6505  1.00272243 30659
INSAT-3DR               
1 41752U 16054A   21353.90718731 -.00000057  00000+0  00000+0 0  9996
2 41752   0.1021  98.4431 0013509 171.8375 219.0211  1.00271653 19375
TDRS 3                  
1 19548U 88091B   21353.85622317 -.00000286  00000+0  00000+0 0  9996
2 19548  13.8414 352.7488 0040161 326.7167  28.6116  1.00269616108937
UFO 2 (USA 95)          
1 22787U 93056A   21353.74369579  .00000139  00000+0  00000+0 0  9994
2 22787  11.4238  12.1296 0005653 251.0092 121.8835  1.00270944102105
TDRS 7                  
1 23613U 95035B   21353.59460802 -.00000190  00000+0  00000+0 0  9994
2 23613  14.0431 359.9811 0025567  41.6942 345.6387  1.00273987 96803
AMC-1 (GE-1)            
1 24315U 96054A   21353.42473833  .00000081  00000+0  00000+0 0  9994
2 24315   5.1970  74.6413 0003653 196.0712 199.5315  1.00271614 29878
USA 134                 
1 25019U 97065A   21353.64391801 -.00000050  00000+0  00000+0 0  9994
2 25019  10.8470  32.6092 0004101 295.4776 240.1503  1.00274597 16509
JCSAT-4A                
1 25630U 99006A   21334.62410545 -.00000292  00000+0  00000+0 0  9992
2 25630   5.7790  70.3538 0012744 189.2364 170.7782  1.00268063 83361
AMC-4 (GE-4)            
1 25954U 99060A   21353.73526588  .00000107  00000+0  00000+0 0  9993
2 25954   1.0700  93.8390 0003456 181.5327 302.9667  1.00271986 27109
USA 149 (DSP 20)        
1 26356U 00024A   21353.77683876  .00000111  00000+0  00000+0 0  9995
2 26356  11.9515  22.6845 0002198 207.3966 333.1396  1.00286694 16467
AMC-6 (GE-6)            
1 26580U 00067A   21353.78198465  .00000125  00000+0  00000+0 0  9992
2 26580   0.0161 336.5724 0003417 302.3427 312.1974  1.00273044 77470
USA 157 (MILSTAR-2 2)   
1 26715U 01009A   21353.71316937  .00000028  00000+0  00000+0 0  9990
2 26715   9.8424  27.9824 0002859 226.6327 326.3194  1.00272281 16507
USA 159 (DSP 21)        
1 26880U 01033A   21353.85816764 -.00000284  00000+0  00000+0 0  9993
2 26880  11.2638  26.8823 0001354 223.0387  98.4506  1.00266684 16512
TDRS 9                  
1 27389U 02011A   21353.42253153 -.00000273  00000+0  00000+0 0  9993
2 27389   8.6398  62.4518 0026689 285.6564 189.9032  1.00266943 73999
GALAXY 3C (G-3C)        
1 27445U 02030A   21353.36019675 -.00000130  00000+0  00000+0 0  9991
2 27445   0.0171 321.0097 0001894   8.8778 152.9308  1.00269925 30055
TDRS 10                 
1 27566U 02055A   21353.74977266  .00000103  00000+0  00000+0 0  9992
2 27566   7.8772  50.9440 0006261 306.2364 190.0557  1.00270215 69785
GALAXY 12 (G-12)        
1 27715U 03013B   21353.74632837  .00000076  00000+0  00000+0 0  9994
2 27715   2.8250  87.3947 0002372 193.8903 306.9525  1.00272329 35640
GALAXY 23 (G-23)        
1 27854U 03034A   21353.71386712  .00000033  00000+0  00000+0 0  9999
2 27854   0.0059 338.6278 0002800 291.8302 314.0782  1.00272687 67296
USA 176 (DSP 22)        
1 28158U 04004A   21353.95289050 -.00000206  00000+0  00000+0 0  9991
2 28158   9.8597  36.2538 0000899 235.3626 247.5549  1.00273853 16488
ANIK F2                 
1 28378U 04027A   21353.85926009 -.00000029  00000+0  00000+0 0  9994
2 28378   0.0477  82.9667 0001085  32.2262 171.7257  1.00269694 24819
INMARSAT 4-F1           
1 28628U 05009A   21353.91010838 -.00000243  00000+0  00000+0 0  9992
2 28628   3.4850  33.1355 0003114 241.0179 285.7042  1.00271295 61227
GALAXY 14 (G-14)        
1 28790U 05030A   21353.88804213  .00000175  00000+0  00000+0 0  9993
2 28790   0.8120  93.9517 0002196 169.5204 177.8161  1.00270111 59859
SPACEWAY 2              
1 28903U 05046B   21353.78207188  .00000123  00000+0  00000+0 0  9996
2 28903   1.4926  89.8583 0000211 125.6951  15.6906  1.00271714 34894
EUTELSAT HOTBIRD 13E    
1 28946U 06007B   21353.88411733  .00000107  00000+0  00000+0 0  9997
2 28946   0.0195 143.6649 0006013 112.6314 163.6547  1.00270925 57850
GALAXY 16 (G-16)        
1 29236U 06023A   21353.86178942 -.00000106  00000+0  00000+0 0  9998
2 29236   0.0181 332.4445 0002975 304.3439  23.1189  1.00271073 56521
DIRECTV 9S              
1 29494U 06043A   21353.86135333 -.00000093  00000+0  00000+0 0  9998
2 29494   0.0117  48.2186 0003213 220.5049  28.8369  1.00271476 34932
AMC-18                  
1 29644U 06054B   21353.86501650 -.00000195  00000+0  00000+0 0  9999
2 29644   0.0106 345.1804 0002481 275.6475  56.2567  1.00271779 55106
GALAXY 17 (G-17)        
1 31307U 07016B   21353.64810449 -.00000154  00000+0  00000+0 0  9997
2 31307   0.0330  69.5617 0003309 199.1104 322.1184  1.00271745 53350
OPTUS D2                
1 32252U 07044A   21353.88284799 -.00000163  00000+0  00000+0 0  9997
2 32252   0.0191  40.4986 0003903 231.3798 286.6463  1.00270953 52128
ASTRA 4A (SIRIUS 4)     
1 32299U 07057A   21353.89285514  .00000052  00000+0  00000+0 0  9995
2 32299   0.0303  55.3685 0003186 213.7413 145.8311  1.00270995 35222
AMC-14                  
1 32708U 08011A   21353.81338324  .00000084  00000+0  00000+0 0  9996
2 32708  21.8052  40.4243 0036602 356.5598   2.4680  1.00276283 51707
TIANLIAN 1-01           
1 32779U 08019A   21353.82576824 -.00000124  00000+0  00000+0 0  9998
2 32779   5.3378  69.7622 0030633 267.1069 128.9833  1.00271894 50027
TURKSAT 3A              
1 33056U 08030B   21353.87219986  .00000166  00000+0  00000+0 0  9993
2 33056   0.0598  87.2682 0002969 173.2669 184.1404  1.00269707 35916
AMC-21                  
1 33275U 08038B   21353.74838508  .00000057  00000+0  00000+0 0  9996
2 33275   0.0125  10.1954 0002778 257.7414 325.1471  1.00271646 49041
CIEL-2                  
1 33453U 08063A   21353.74285962  .00000078  00000+0  00000+0 0  9995
2 33453   0.0540 114.2183 0003294 154.6477 318.2637  1.00271841 47680
NSS-9                   
1 33749U 09008A   21353.81332697  .00000092  00000+0  00000+0 0  9995
2 33749   0.0177 339.6377 0002574 284.1956 300.6562  1.00271029 47087
SES-7 (PROTOSTAR 2)     
1 34941U 09027A   21353.95878052 -.00000325  00000+0  00000+0 0  9996
2 34941   0.0298  64.1679 0001851 215.5775 262.4378  1.00270366 46177
ASIASAT 5               
1 35696U 09042A   21353.88651689 -.00000287  00000+0  00000+0 0  9995
2 35696   0.0366  65.3427 0001386 210.9785 232.0524  1.00268472 45246
COMSATBW-1              
1 35943U 09054B   21353.92109894  .00000044  00000+0  00000+0 0  9994
2 35943   0.0529  70.7185 0002766 193.9076 218.6869  1.00271469 44868
INTELSAT 15 (IS-15)     
1 36106U 09067A   21353.82672765 -.00000165  00000+0  00000+0 0  9996
2 36106   0.0104   5.7140 0002272 276.6486 189.0484  1.00272051 24785
SDO                     
1 36395U 10005A   21353.35871404 -.00000063  00000+0  00000+0 0  9996
2 36395  31.3120 112.1602 0001756 234.8768 128.4421  1.00270620 43612
ASTRA 3B                
1 36581U 10021A   21353.87445463  .00000157  00000+0  00000+0 0  9993
2 36581   0.0434 331.8637 0003775 281.8915 173.2246  1.00273059 42438
ECHOSTAR 15             
1 36792U 10034A   21353.79750951 -.00000261  00000+0  00000+0 0  9990
2 36792   0.0273  59.8447 0002103 188.8873  65.3447  1.00272039 41881
CHINASAT 6A (ZX 6A)     
1 37150U 10042A   21353.76288382 -.00000334  00000+0  00000+0 0  9990
2 37150   0.0194 291.8832 0001329 215.1228 341.2662  1.00272796 41453
SKYTERRA 1              
1 37218U 10061A   21353.64601125 -.00000099  00000+0  00000+0 0  9995
2 37218   2.2709  25.4303 0002677 230.4489 323.8541  1.00272734 40749
EUTELSAT KA-SAT 9A      
1 37258U 10069A   21353.89285514  .00000081  00000+0  00000+0 0  9994
2 37258   0.0636 266.5236 0002073 287.0763 225.4990  1.00268858 27555
YAHSAT 1A               
1 37393U 11016B   21353.87615549  .00000121  00000+0  00000+0 0  9995
2 37393   0.0223   1.7691 0002511 272.0646 182.7457  1.00270077 25953
CHINASAT 10 (ZX 10)     
1 37677U 11026A   21353.82535917 -.00000333  00000+0  00000+0 0  9992
2 37677   0.0647 251.7733 0003571 325.8178 278.6783  1.00276189 38542
BEIDOU 9                
1 37763U 11038A   21353.97011284  .00000005  00000+0  00000+0 0  9998
2 37763  54.4680 180.3488 0086332 225.2910 128.0457  1.00271823 38192
SES-2                   
1 37809U 11049A   21353.79236365 -.00000175  00000+0  00000+0 0  9999
2 37809   0.0188 321.5174 0003177 310.8888  14.4465  1.00272210 37518
EUTELSAT 16A            
1 37836U 11057A   21353.88035604  .00000124  00000+0  00000+0 0  9994
2 37836   0.0654   9.9561 0004912 258.4336 153.2272  1.00270105 29527
NIGCOMSAT 1R            
1 38014U 11077A   21353.87220062  .00000165  00000+0  00000+0 0  9993
2 38014   0.0544 139.1637 0000790 229.0814  76.9040  1.00272100 36506
MUOS-1                  
1 38093U 12009A   21353.64627291 -.00000109  00000+0  00000+0 0  9995
2 38093   2.7543  26.8893 0053078 355.5275 198.7298  1.00271772 35994
JCSAT-13                
1 38331U 12023A   21353.83449008 -.00000336  00000+0  00000+0 0  9997
2 38331   0.0153  52.4453 0002349 206.0006 254.6288  1.00272209 35088
ECHOSTAR 17             
1 38551U 12035A   21353.57309671 -.00000055  00000+0  00000+0 0  9994
2 38551   0.0237  19.0198 0002193 249.4998 279.0788  1.00273842 34616
HYLAS 2                 
1 38741U 12043B   21353.87700198  .00000174  00000+0  00000+0 0  9997
2 38741   0.0149 317.1936 0002109 306.7539 171.5079  1.00272455 34311
BEIDOU 16               
1 38953U 12059A   21353.91715973 -.00000155  00000+0  00000+0 0  9991
2 38953   1.5474  84.4971 0011119 274.3763 143.9481  1.00268425 33609
ECHOSTAR 16             
1 39008U 12065A   21353.72564160 -.00000261  00000+0  00000+0 0  9997
2 39008   0.0220  24.1782 0002016 246.6553  17.4203  1.00268950 33172
MEXSAT 3                
1 39035U 12075B   21353.78480288 -.00000005  00000+0  00000+0 0  9998
2 39035   0.0179   0.9513 0002546 262.2141 353.1462  1.00271522 32731
EUTELSAT 117 WEST A     
1 39122U 13012A   21353.64295861  .00000008  00000+0  00000+0 0  9995
2 39122   0.0213  36.3584 0003100 229.0292 297.7329  1.00271377 31993
SES-6                   
1 39172U 13026A   21353.80169598 -.00000241  00000+0  00000+0 0  9990
2 39172   0.0178 337.1748 0002726 296.2091  63.3505  1.00271908 31272
WGS F6 (USA 244)        
1 39222U 13041A   21353.73736079  .00000109  00000+0  00000+0 0  9991
2 39222   0.0188  14.7629 0000701 213.6626 350.3792  1.00271653 29601
ASTRA 2E                
1 39285U 13056A   21353.89587950  .00000170  00000+0  00000+0 0  9993
2 39285   0.0557   8.6562 0002263 268.5140 162.5468  1.00271194 29998
TKSAT-1 (TUPAC KATARI)  
1 39481U 13075A   21353.64871503 -.00000174  00000+0  00000+0 0  9990
2 39481   0.0533 154.7152 0002780 129.6402 310.4357  1.00269741 29143
ABS-2                   
1 39508U 14006A   21353.88660559 -.00000067  00000+0  00000+0 0  9999
2 39508   0.0352  54.9912 0003052 226.1632 201.6537  1.00271914 28840
AMAZONAS 4A             
1 39616U 14011A   21353.79498017 -.00000232  00000+0  00000+0 0  9997
2 39616   0.1405  84.5841 0003695 183.6205  32.6130  1.00272645 28243
EUTELSAT 3B             
1 39773U 14030A   21353.89285514  .00000040  00000+0  00000+0 0  9995
2 39773   0.0602   9.4383 0005359 208.9627 194.8271  1.00271422 27619
LUCH (OLYMP)            
1 40258U 14058A   21353.84236705  .00000069  00000+0  00000+0 0  9999
2 40258   0.0461 106.0143 0000744 164.2857 181.5673  1.00271413 24551
EXPRESS-AM6             
1 40277U 14064A   21353.74858001  .00000118  00000+0  00000+0 0  9990
2 40277   0.0386 239.7662 0000317 155.4479  15.8406  1.00273235 26229
FENGYUN 2G              
1 40367U 14090A   21353.82611302 -.00000280  00000+0  00000+0 0  9990
2 40367   1.4877  91.1379 0002963 285.1628 109.1242  1.00263708 25554
EXPRESS-AM7             
1 40505U 15012A   21353.88227947  .00000171  00000+0  00000+0 0  9991
2 40505   0.0012   9.7517 0003015 253.2506 183.3036  1.00270389 24561
DIRECTV 15              
1 40663U 15026A   21353.64574959 -.00000081  00000+0  00000+0 0  9994
2 40663   0.0132  47.6235 0000901 138.8612  31.5908  1.00266574 24017
INTELSAT 34 (IS-34)     
1 40874U 15039A   21353.79873057 -.00000265  00000+0  00000+0 0  9993
2 40874   0.0112 344.2392 0000665 224.6188 111.8148  1.00271192 23174
TJS-1                   
1 40892U 15046A   21353.88575965 -.00000136  00000+0  00000+0 0  9995
2 40892   0.0180  23.1002 0004026 316.7291 222.7707  1.00270231 23113
MORELOS 3               
1 40946U 15056A   21353.64365635 -.00000021  00000+0  00000+0 0  9994
2 40946   3.9754 332.4898 0001703 352.7371 241.8505  1.00272598 22833
BADR-7 (ARABSAT-6B)     
1 41029U 15065B   21353.91121601  .00000165  00000+0  00000+0 0  9998
2 41029   0.0389 229.2178 0005719  18.6309 194.9136  1.00273894 22313
COSMOS 2513             
1 41121U 15075A   21353.76646476 -.00000118  00000+0  00000+0 0  9996
2 41121   0.0770 108.6344 0003821 155.2552 180.8747  1.00271321 22073
EUTELSAT 9B             
1 41310U 16005A   21353.89285514  .00000082  00000+0  00000+0 0  9995
2 41310   0.0506  66.9844 0006441 202.8631 149.2761  1.00271295 21668
IRNSS-1G                
1 41469U 16027A   21353.88440840 -.00000315  00000+0  00000+0 0  9998
2 41469   1.9629 174.6555 0002085 254.2438 107.6074  1.00265609 20735
ABS-2A (MONGOLSAT-1)    
1 41588U 16038A   21353.77348079 -.00000063  00000+0  00000+0 0  9991
2 41588   0.0258   5.9305 0001222 191.2944 244.5324  1.00267830 20252
TIANTONG-1 1            
1 41725U 16048A   21353.80008105 -.00000298  00000+0  00000+0 0  9992
2 41725   2.3787 350.4614 0004622 317.4322 170.1406  1.00275468 19829
GOES 16                 
1 41866U 16071A   21353.79480574 -.00000228  00000+0  00000+0 0  9999
2 41866   0.0668 247.6477 0001036  51.1694   0.7322  1.00273004 18662
JCSAT-15                
1 41903U 16082A   21353.82535917 -.00000331  00000+0  00000+0 0  9994
2 41903   0.0254  14.9445 0001674 262.0362 218.8471  1.00268336 18319
TELKOM 3S               
1 41944U 17007A   21353.87974532 -.00000343  00000+0  00000+0 0  9995
2 41944   0.0156  44.2825 0002505 221.3220 257.8053  1.00272440 17698
CHINASAT 16 (SJ-13)     
1 42662U 17018A   21353.97633214 -.00000333  00000+0  00000+0 0  9994
2 42662   0.0374  53.3551 0007745 191.6832 305.7649  1.00273560 17298
SES-15                  
1 42709U 17026A   21353.74421611  .00000080  00000+0  00000+0 0  9994
2 42709   0.0196  13.8112 0000735 252.9828 320.5285  1.00270104 17690
ECHOSTAR 21             
1 42749U 17032A   21353.74003262  .00000089  00000+0  00000+0 0  9992
2 42749   4.3633 311.1355 0002436 306.6241 107.4853  1.00274079 16660
COSMOS 2520             
1 42907U 17046A   21353.97131081  .00000157  00000+0  00000+0 0  9995
2 42907   0.0454 115.1062 0000970 201.6256 166.7345  1.00272725 15948
INTELSAT 37E (IS-37E)   
1 42950U 17059A   21353.66258273 -.00000120  00000+0  00000+0 0  9997
2 42950   0.0165  31.5092 0002967 235.0084  42.4875  1.00271458 15611
ALCOMSAT 1              
1 43039U 17078A   21353.80483584 -.00000166  00000+0  00000+0 0  9998
2 43039   0.0567 233.0208 0002597  27.1749  93.3793  1.00271163 14831
HISPASAT 30W-6          
1 43228U 18023A   21353.80378922 -.00000196  00000+0  00000+0 0  9991
2 43228   0.0391  36.7309 0003281 257.6760  53.5890  1.00272361 13993
COSMOS 2526             
1 43432U 18037A   21353.88004625 -.00000325  00000+0  00000+0 0  9991
2 43432   0.0224  84.2094 0000429 248.5628 200.7987  1.00270508 13520
BEIDOU IGSO-7           
1 43539U 18057A   21353.96485131 -.00000046  00000+0  00000+0 0  9995
2 43539  55.0637 177.2972 0040111 220.5919 151.3428  1.00264940 12713
HORIZONS 3E             
1 43633U 18074B   21353.84347358 -.00000011  00000+0  00000+0 0  9996
2 43633   0.0048 117.7831 0000955 140.4726 303.0542  1.00271139 11894
GEO-KOMPSAT-2A          
1 43823U 18100A   21353.88004625 -.00000324  00000+0  00000+0 0  9995
2 43823   0.0520 133.8699 0000039  36.2377   3.6751  1.00271676 11170
TJS-3 AKM               
1 43917U 18110C   21353.83445203 -.00000018  00000+0  00000+0 0  9996
2 43917   0.4041 119.9559 0005819   8.4952 181.1153  0.98350051 10906
CHINASAT 6C (ZX 6C)     
1 44067U 19012A   21353.94886194 -.00000317  00000+0  00000+0 0  9997
2 44067   0.0211 271.0699 0004049   9.0915 280.2311  1.00271435 10283
BEIDOU-2 G8             
1 44231U 19027A   21353.91037003 -.00000227  00000+0  00000+0 0  9990
2 44231   0.4568  61.3076 0006941 151.7595 347.8855  1.00276257  9622
COSMOS 2539             
1 44457U 19048A   21353.96100416  .00000101  00000+0  00000+0 0  9997
2 44457   0.0557 100.1485 0000636 312.0223  34.5672  1.00274004  8788
EUTELSAT 5 WEST B       
1 44624U 19067A   21353.80876067 -.00000022  00000+0  00000+0 0  9992
2 44624   0.0643   2.2590 0002236 153.3115 219.2053  1.00272052  7991
INMARSAT GX5            
1 44801U 19080B   21353.90266990  .00000095  00000+0  00000+0 0  9992
2 44801   0.0374  24.7846 0002049 246.4342 153.4493  1.00272983  7653
GSAT-30                 
1 45026U 20005A   21353.82899250 -.00000145  00000+0  00000+0 0  9990
2 45026   0.0400 265.8692 0001406 232.5241 331.6925  1.00272401  7071
AEHF-6 (USA 298)        
1 45465U 20022B   21353.76532594 -.00000274  00000+0  00000+0 0  9997
2 45465   6.3601 304.3847 0052069 353.1266 204.3003  1.00268098  6562
EXPRESS 80              
1 45986U 20053B   21353.53244930 -.00000116  00000+0  00000+0 0  9993
2 45986   0.0272 229.1139 0001184 162.3043 328.5989  1.00272084  5198
TIANTONG-1 2            
1 46916U 20082A   21353.86741507 -.00000331  00000+0  00000+0 0  9996
2 46916   4.5588 296.8516 0001850 355.9787 233.0825  1.00273809  4202
TIANTONG-1 3            
1 47321U 21003A   21353.95437198 -.00000131  00000+0  00000+0 0  9997
2 47321   4.8199 308.6288 0004178 322.2932 242.9755  1.00272861  3529
TIANLIAN 1-05           
1 49011U 21063A   21353.88035604  .00000095  00000+0  00000+0 0  9997
2 49011   2.6160 285.1475 0004624  13.5336 117.5101  1.00273694  1639
CHINASAT 9B             
1 49125U 21080A   21353.90173542 -.00000293  00000+0  00000+0 0  9990
2 49125   0.0088  58.6934 0002316 166.6840 289.3696  1.00271380  1193
SHIJIAN-21 (SJ-21)      
1 49330U 21094A   21353.89826940 -.00000205  00000+0  00000+0 0  9991
2 49330   8.1962  50.7800 0012017 209.5316 252.7828  0.99743229  1228
QZS-1R                  
1 49336U 21096A   21353.80769868 -.00000258  00000+0  00000+0 0  9993
2 49336  34.1213 104.6737 0758529 270.4649 136.4840  1.00270224   573
CHINASAT 1D (ZX 1D)     
1 49505U 21114A   21353.90749183 -.00000314  00000+0  00000+0 0  9994
2 49505   1.9237 281.7423 0000476 207.1486  56.7005  1.00273267   381
